
Line
113,105,227,128,FFFF0000,10

Rectangle
104,149,181,250,FFFF8000,10

FreeLine
FFFF8000,18,65
53,215,53,213,53,211,54,208,54,201,54,196,56,190,57,183,57,176,58,171
59,165,61,159,64,154,66,146,69,139,72,131,73,126,77,117,80,109,82,103
85,96,87,90,88,86,89,81,91,77,92,71,94,67,96,63,100,57,105,52
108,47,111,45,114,40,116,38,118,36,120,35,121,34,123,34,126,34,130,34
136,34,145,34,157,38,166,41,172,44,183,44,184,45,186,48,190,51,192,54
194,57,196,59,198,61,198,62,199,62,200,64,206,66,209,69,212,72,212,74
213,74,213,75,213,76,213,77,213,77
