
FreeLine
FFFF8000,18,62
70,219,70,218,70,215,70,210,70,203,70,198,69,192,68,185,66,179,66,176
66,175,66,173,66,171,66,169,66,168,66,167,67,164,68,161,69,158,69,157
70,154,71,152,72,150,74,149,75,147,78,146,81,145,87,144,91,143,95,143
101,142,109,139,112,138,114,138,115,137,116,137,117,137,123,137,133,137,148,137
162,137,175,137,193,132,200,130,204,126,207,125,209,120,210,118,211,115,212,113
213,111,214,111,214,109,217,107,219,104,224,100,228,97,231,94,232,91,234,89
234,88,234,88

Rectangle
127,182,275,272,FFFFFF00,18

Line
36,52,346,304,FFFFFF00,5
