
Line
138,60,172,82,FFFF0000,2

Rectangle
100,93,140,121,FFFF0000,2

FreeLine
FFFF0000,2,38
178,136,178,136,177,137,176,138,175,139,174,140,174,141,173,143,172,144,172,145
172,146,172,147,172,148,172,149,173,150,173,151,174,151,174,152,175,153,175,154
176,155,176,156,177,157,177,159,177,160,178,161,178,163,178,165,178,167,179,168
179,169,179,170,179,171,180,171,180,172,180,173,180,174,181,173

FreeLine
FFFF0000,2,24
102,189,102,189,102,190,103,190,103,191,104,191,107,192,109,193,113,194,118,195
125,196,130,197,136,199,141,201,144,202,146,204,148,206,150,207,151,209,151,210
152,211,152,212,152,213,153,213

Text
252,126,Microsoft Sans Serif,asdf,FFFF0000,2
